size: 1000000, tot1: 14.357357
size: 1000000, tot2: 14.392652
size: 10000000, tot1: 15.403683
size: 10000000, tot2: 16.686031
